Road #1:
378.60 -414.49
-1600.50 -8.64
-360.99 -260.26
878.53 -511.89
1197.61 -383.30
-39.60 -120.56
-277.46 524.55
536.85 -443.24
221.43 -683.00
-892.07 1217.15
-56.50 267.65
696.90 -639.68
-561.70 -514.56
-1148.83 -2360.85
-806.62 -1143.23
-464.42 74.40
8.43 565.07
91.67 -2541.35
-302.83 -1339.65
-697.32 -137.94
-683.39 2540.93
-357.17 1318.92
-30.95 96.91
-1261.97 -1627.85
-470.62 -641.20
320.73 345.45
530.81 498.09
-120.95 -585.85
1949.03 -1489.63
952.62 -710.61
-43.79 68.42
-692.55 225.45
-494.28 -932.28
661.29 -418.10
711.84 -4726.79
616.81 -3465.57
521.78 -2204.34
426.76 -943.12
331.73 318.11
214.54 502.25
593.71 -704.38
4695.16 1907.58
3499.53 1495.02
2303.91 1082.46
1108.29 669.90
-87.33 257.34
-544.26 -302.37
141.18 -587.43
369.66 1339.85
-65.76 152.37
-392.53 -705.15
-1567.90 -2841.47
-1036.02 -1693.94
-504.14 -546.41
3001.70 1634.08
1874.08 1061.20
746.46 488.32
-381.17 -84.55
1118.88 493.06
126.24 -290.77
-245.31 -308.83
359.46 2242.50
414.00 978.87
468.53 -284.75
-401.40 267.03
-949.68 -632.36
-346.11 479.14
-550.17 381.47

